S,sat,35,15,3,5,0,15,3,17.7,2.39
S,sat,37,15,3,5,0,15,1,21.83,3.74 
S,sat,39,15,3,5,0,15,0,23.38,5.7 
S,sat,37,15,3,5,0,15,4,20.23,7.68 
S,unsat,None,15,3,5,0,15,5,20.55,3.98 
S,unsat,None,15,3,5,0,15,2,21.99,29.73 
S,sat,36,15,3,5,0,15,6,25.72,4.21 
S,unsat,None,15,3,5,0,15,8,14.41,2.71 
S,sat,37,15,3,5,0,15,9,20.19,4.12 
S,unsat,None,15,3,5,0,15,10,20.42,11.86 
S,unsat,None,15,3,5,0,15,11,23.55,4.0 
S,unsat,None,15,3,5,0,15,7,28.38,22.31 
S,sat,33,15,3,5,0,15,12,23.21,3.82 
S,unsat,None,15,3,5,0,15,15,16.57,7.45 
S,sat,33,15,3,5,0,15,14,24.69,4.17 
S,sat,34,15,3,5,0,15,13,28.29,4.67

S,unsat,None,25,4,7,0,20,5,54.19,14.18 
S,unsat,None,25,4,7,0,20,2,65.49,9.78 
S,sat,59,25,4,7,0,20,0,56.96,24.63 
S,sat,64,25,4,7,0,20,4,58.92,26.01 
S,sat,63,25,4,7,0,20,3,66.22,27.99 
S,sat,66,25,4,7,0,20,1,93.29,39.25 
S,sat,56,25,4,7,0,20,7,68.63,74.08 
S,unsat,None,25,4,7,0,20,11,61.74,7.53 
S,sat,60,25,4,7,0,20,9,79.19,43.05 
S,sat,58,25,4,7,0,20,8,81.46,51.21 
S,sat,63,25,4,7,0,20,12,70.89,42.48 
S,sat,67,25,4,7,0,20,14,97.52,41.91 
S,sat,66,25,4,7,0,20,13,109.44,48.26 
S,sat,58,25,4,7,0,20,6,63.93,227.6 
S,unsat,None,25,4,7,0,20,15,72.97,359.43 
S,sat,54,25,4,7,0,20,10,85.67,585.27


CA,sat,34,15,3,5,0,15,0,0.29,2.31 
CA,sat,32,15,3,5,0,15,1,0.27,2.77 
CA,unsat,None,15,3,5,0,15,2,0.29,2.65 
CA,sat,24,15,3,5,0,15,3,0.24,2.88 
CA,sat,32,15,3,5,0,15,4,0.29,2.72 
CA,unsat,None,15,3,5,0,15,5,0.28,2.26 
CA,sat,34,15,3,5,0,15,6,0.26,2.75 
CA,unsat,None,15,3,5,0,15,7,0.23,2.52 
CA,unknown,None,15,3,5,0,15,8,0.24,43.83 
CA,sat,32,15,3,5,0,15,9,0.23,2.74 
CA,unsat,None,15,3,5,0,15,10,0.28,2.47 
CA,unknown,None,15,3,5,0,15,11,0.28,58.04 
CA,sat,32,15,3,5,0,15,12,0.21,3.11 
CA,sat,28,15,3,5,0,15,13,0.19,2.77 
CA,sat,24,15,3,5,0,15,14,0.28,2.96 
CA,unknown,None,15,3,5,0,15,15,0.23,28.5

CA,sat,44,25,4,7,0,20,0,0.76,10.2 
CA,sat,64,25,4,7,0,20,1,0.63,9.27 
CA,unsat,None,25,4,7,0,20,2,0.83,7.46 
CA,sat,42,25,4,7,0,20,3,0.62,10.8 
CA,sat,52,25,4,7,0,20,4,0.73,9.9 
CA,unknown,None,25,4,7,0,20,5,0.82,205.87 
CA,unsat,None,25,4,7,0,20,6,0.53,7.84 
CA,sat,50,25,4,7,0,20,7,0.68,9.15 
CA,sat,46,25,4,7,0,20,8,0.88,13.25 
CA,sat,46,25,4,7,0,20,9,0.54,20.81 
CA,sat,48,25,4,7,0,20,10,0.58,10.1 
CA,unknown,None,25,4,7,0,20,11,0.59,531.46 
CA,sat,44,25,4,7,0,20,12,0.91,106.34 
CA,sat,58,25,4,7,0,20,13,0.71,11.75 
CA,sat,50,25,4,7,0,20,14,0.67,17.3 
CA,unsat,None,25,4,7,0,20,15,0.86,8.3

NEW BATCH
CA,unsat,None,35,6,8,0,30,3,2.76,19.13 
CA,unsat,None,35,6,8,0,30,1,3.71,20.73 
CA,sat,86,35,6,8,0,30,2,3.43,32.12 
CA,sat,68,35,6,8,0,30,7,2.94,33.1 
CA,sat,66,35,6,8,0,30,8,4.16,71.28 
CA,sat,76,35,6,8,0,30,10,3.42,130.63 
CA,sat,64,35,6,8,0,30,12,3.41,87.76 
CA,sat,78,35,6,8,0,30,11,4.56,149.04 
CA,sat,50,35,6,8,0,30,5,2.85,233.99 
CA,sat,62,35,6,8,0,30,6,3.48,239.46 
CA,sat,68,35,6,8,0,30,9,4.63,220.28 
CA,sat,74,35,6,8,0,30,0,3.87,300.95 
CA,sat,80,35,6,8,0,30,14,3.89,236.25 
CA,sat,68,35,6,8,0,30,13,3.18,306.18 
CA,sat,64,35,6,8,0,30,4,4.65,557.99 
CA,unknown,None,35,6,8,0,30,15,3.92,604.74 
S,sat,110,35,6,8,0,30,5,1344.3,3156.24 
S,sat,121,35,6,8,0,30,0,548.1,4552.33 
S,sat,114,35,6,8,0,30,6,551.26,4870.78 
S,sat,125,35,6,8,0,30,4,637.96,5078.53 
S,sat,139,35,6,8,0,30,8,1091.36,3391.58 
S,sat,127,35,6,8,0,30,10,1095.39,4024.42 
S,sat,122,35,6,8,0,30,11,958.53,3924.26 
S,unknown,None,35,6,8,0,30,3,485.52,10811.78 
S,sat,132,35,6,8,0,30,9,1282.67,5175.35 
S,unknown,None,35,6,8,0,30,7,3254.19,10822.17 
S,unknown,None,35,6,8,0,30,2,3346.27,10821.39 
S,unknown,None,35,6,8,0,30,1,3431.47,10823.53 
S,sat,121,35,6,8,0,30,13,874.78,3951.47 
S,sat,128,35,6,8,0,30,12,1283.22,5984.59 
S,sat,132,35,6,8,0,30,14,1206.64,6479.62 
S,unknown,None,35,6,8,0,30,15,775.33,10817.59

REVISED TASKS LOCATIONS

CA,unsat,None,15,3,5,0,15,2,0.31,2.78 
CA,sat,28,15,3,5,0,15,6,0.29,3.0 
CA,sat,36,15,3,5,0,15,0,0.29,3.19 
CA,sat,30,15,3,5,0,15,7,0.28,3.3 
CA,sat,24,15,3,5,0,15,4,0.27,3.39 
CA,sat,26,15,3,5,0,15,1,0.28,3.48 
CA,sat,34,15,3,5,0,15,3,0.31,4.95 
CA,sat,30,15,3,5,0,15,8,0.3,3.03 
CA,unsat,None,15,3,5,0,15,10,0.32,3.09 
CA,sat,32,15,3,5,0,15,9,0.31,3.79 
CA,sat,30,15,3,5,0,15,12,0.3,3.5 
CA,sat,34,15,3,5,0,15,13,0.32,3.73 
CA,sat,30,15,3,5,0,15,14,0.28,3.07 
CA,sat,26,15,3,5,0,15,11,0.31,10.06 
CA,unknown,None,15,3,5,0,15,15,0.28,22.91 
CA,unknown,None,15,3,5,0,15,5,0.3,32.0 
S,unsat,None,15,3,5,0,15,5,9.33,1.6 
S,sat,39,15,3,5,0,15,3,12.14,2.86 
S,sat,34,15,3,5,0,15,4,12.25,2.88 
S,sat,39,15,3,5,0,15,6,12.8,2.58 
S,sat,31,15,3,5,0,15,1,12.99,2.75 
S,unsat,None,15,3,5,0,15,2,14.84,1.97 
S,sat,41,15,3,5,0,15,0,14.72,2.2 
S,sat,33,15,3,5,0,15,7,17.43,2.71 
S,sat,33,15,3,5,0,15,8,10.61,3.11 
S,sat,31,15,3,5,0,15,11,16.84,3.69 
S,sat,35,15,3,5,0,15,12,13.77,6.81 
S,unsat,None,15,3,5,0,15,10,17.17,5.6 
S,sat,31,15,3,5,0,15,9,22.22,1.51 
S,unsat,None,15,3,5,0,15,15,17.38,2.26 
S,sat,36,15,3,5,0,15,13,22.27,1.9 
S,sat,35,15,3,5,0,15,14,21.98,2.43

CA,unsat,None,25,4,7,0,20,2,1.01,7.67 
CA,sat,66,25,4,7,0,20,1,1.02,10.75 
CA,sat,56,25,4,7,0,20,7,0.99,12.29 
CA,sat,34,25,4,7,0,20,6,0.94,14.2 
CA,sat,48,25,4,7,0,20,3,0.98,15.84 
CA,sat,38,25,4,7,0,20,4,0.98,19.6 
CA,sat,44,25,4,7,0,20,8,1.0,15.52 
CA,sat,48,25,4,7,0,20,9,0.99,14.01 
CA,sat,62,25,4,7,0,20,12,1.02,10.56 
CA,sat,64,25,4,7,0,20,11,0.99,17.2 
CA,sat,42,25,4,7,0,20,13,1.01,12.67 
CA,sat,52,25,4,7,0,20,14,0.97,13.12 
CA,sat,40,25,4,7,0,20,15,0.97,12.38 
CA,sat,46,25,4,7,0,20,5,0.94,55.64 
CA,unknown,None,25,4,7,0,20,10,0.99,127.55 
CA,unknown,None,25,4,7,0,20,0,1.0,196.84 
S,unsat,None,25,4,7,0,20,2,57.91,6.26 
S,unsat,None,25,4,7,0,20,0,56.29,13.15 
S,sat,70,25,4,7,0,20,3,59.69,49.29 
S,sat,58,25,4,7,0,20,4,58.77,58.09 
S,sat,52,25,4,7,0,20,6,61.37,58.3 
S,sat,57,25,4,7,0,20,5,63.04,63.36 
S,sat,68,25,4,7,0,20,1,90.72,45.79 
S,sat,59,25,4,7,0,20,7,59.11,115.54 
S,sat,55,25,4,7,0,20,9,85.07,28.02 
S,sat,57,25,4,7,0,20,8,87.77,33.81 
S,sat,67,25,4,7,0,20,11,68.19,27.26 
S,sat,69,25,4,7,0,20,12,67.47,42.79 
S,sat,64,25,4,7,0,20,13,98.7,29.27 
S,sat,65,25,4,7,0,20,14,95.13,38.49 
S,sat,60,25,4,7,0,20,15,57.07,99.35 
S,unsat,None,25,4,7,0,20,10,91.72,150.96 

#### ULTIMATE TESTING ####
CA,sat,70,35,6,8,0,15,5,1.87,12.41
CA,unknown,None,15,3,5,50,15,5,0.08,22.36 
CA,unsat,None,35,6,8,50,15,5,1.37,22.19 
CA,unknown,None,15,3,5,0,15,5,0.3,53.46 
CA,unknown,None,15,3,5,25,15,5,0.27,60.99 
CA,unknown,None,15,3,5,0,20,5,0.31,60.24 
CA,unknown,None,15,3,5,50,20,5,0.08,33.67 
CA,unknown,None,15,3,5,25,20,5,0.25,86.02 
CA,sat,48,25,4,7,0,20,5,0.92,85.53 
CA,sat,68,35,6,8,0,20,5,1.87,24.81 
CA,unknown,None,25,4,7,50,15,5,0.72,156.99 
CA,sat,74,35,6,8,25,20,5,1.8,24.96 
CA,sat,82,35,6,8,50,20,5,1.34,47.3 
CA,unknown,None,15,3,5,0,25,5,0.29,68.99 
CA,unknown,None,35,6,8,25,15,5,1.8,233.24 
CA,unknown,None,15,3,5,50,25,5,0.09,37.57 
CA,unknown,None,25,4,7,25,15,5,0.99,250.61 
CA,sat,48,25,4,7,0,25,5,0.95,44.56 
CA,unknown,None,15,3,5,25,25,5,0.27,98.62 
CA,unknown,None,25,4,7,0,15,5,0.97,291.77 
CA,sat,68,35,6,8,25,25,5,1.84,53.32 
CA,sat,84,35,6,8,50,25,5,1.4,54.76 
CA,unknown,None,15,3,5,0,30,5,0.29,78.41 
CA,unknown,None,15,3,5,50,30,5,0.08,42.42 
CA,sat,48,25,4,7,0,30,5,0.92,25.89 
CA,sat,54,25,4,7,25,20,5,0.94,340.4 
CA,unknown,None,15,3,5,25,30,5,0.25,112.86 
CA,sat,56,25,4,7,25,25,5,0.96,246.69 
CA,sat,68,35,6,8,0,25,5,1.8,251.75 
CA,sat,28,15,3,5,0,15,6,0.28,4.27 
CA,sat,32,15,3,5,25,15,6,0.26,5.46 
CA,unknown,None,15,3,5,50,15,6,0.08,29.33 
CA,sat,40,25,4,7,0,15,6,0.91,16.95 
CA,sat,76,35,6,8,50,30,5,1.37,81.8 
CA,unsat,None,25,4,7,50,15,6,0.66,14.28 
CA,unsat,None,35,6,8,0,15,6,1.73,19.28 
CA,sat,74,35,6,8,25,30,5,1.8,175.76 
CA,unsat,None,35,6,8,25,15,6,1.72,21.97 
CA,sat,28,15,3,5,0,20,6,0.29,5.19 
CA,sat,30,15,3,5,25,20,6,0.27,6.17 
CA,sat,32,15,3,5,50,20,6,0.08,2.63 
CA,unsat,None,35,6,8,50,15,6,1.3,27.41 
CA,unknown,None,25,4,7,50,20,5,0.68,561.55 
CA,unsat,None,25,4,7,50,20,6,0.64,13.63 
CA,sat,48,25,4,7,25,20,6,0.89,19.16 
CA,sat,36,25,4,7,0,20,6,0.94,31.74 
CA,sat,68,35,6,8,0,30,5,1.84,249.37 
CA,sat,30,15,3,5,0,25,6,0.28,5.25 
CA,sat,30,15,3,5,25,25,6,0.26,6.18 
CA,sat,30,15,3,5,50,25,6,0.08,2.73 
CA,sat,82,35,6,8,25,20,6,1.69,31.89 
CA,sat,80,35,6,8,50,20,6,1.29,29.09 
CA,sat,36,25,4,7,0,25,6,0.93,18.94 
CA,sat,84,35,6,8,0,20,6,1.73,46.81 
CA,unsat,None,25,4,7,50,25,6,0.65,14.34 
CA,sat,48,25,4,7,25,25,6,0.92,22.03 
CA,sat,28,15,3,5,0,30,6,0.28,5.73 
CA,sat,30,15,3,5,25,30,6,0.25,6.63 
CA,sat,32,15,3,5,50,30,6,0.09,2.98 
CA,sat,66,35,6,8,25,25,6,1.66,34.39 
CA,sat,62,35,6,8,0,25,6,1.7,43.28 
CA,sat,88,35,6,8,50,25,6,1.31,38.17 
CA,sat,34,25,4,7,0,30,6,0.93,19.87 
CA,sat,48,25,4,7,25,30,6,0.89,18.88 
CA,unsat,None,25,4,7,50,30,6,0.64,14.34 
CA,sat,24,15,3,5,0,15,7,0.28,4.51 
CA,sat,28,15,3,5,25,15,7,0.27,5.32 
CA,sat,30,15,3,5,50,15,7,0.08,2.33 
CA,unsat,None,25,4,7,0,15,7,0.95,11.77 
CA,unsat,None,25,4,7,25,15,7,0.93,14.43 
CA,sat,54,35,6,8,0,30,6,1.7,64.32 
CA,unsat,None,25,4,7,50,15,7,0.65,13.43 
CA,sat,78,35,6,8,25,30,6,1.66,68.09 
CA,sat,74,35,6,8,50,30,6,1.33,61.28 
CA,sat,20,15,3,5,0,20,7,0.28,4.35 
CA,unknown,None,25,4,7,25,15,6,0.89,273.43 
CA,sat,30,15,3,5,50,20,7,0.09,2.38 
CA,sat,28,15,3,5,25,20,7,0.25,5.52 
CA,unsat,None,35,6,8,0,15,7,1.93,19.76 
CA,unsat,None,35,6,8,25,15,7,1.85,23.3 
CA,unsat,None,35,6,8,50,15,7,1.31,25.86 
CA,sat,52,25,4,7,0,20,7,0.97,17.72 
CA,unsat,None,35,6,8,0,20,7,1.95,17.7 
CA,sat,20,15,3,5,0,25,7,0.27,4.76 
CA,sat,28,15,3,5,25,25,7,0.25,5.19 
CA,unsat,None,35,6,8,25,20,7,1.83,22.64 
CA,sat,30,15,3,5,50,25,7,0.08,2.21 
CA,unsat,None,35,6,8,50,20,7,1.38,26.73 
CA,sat,52,25,4,7,25,30,5,0.97,514.01 
CA,unknown,None,25,4,7,50,25,5,0.69,655.76 
CA,sat,54,25,4,7,0,25,7,1.0,14.17 
CA,unsat,None,35,6,8,0,25,7,1.93,20.91 
CA,sat,20,15,3,5,0,30,7,0.28,4.85 
CA,unsat,None,35,6,8,25,25,7,1.81,22.13 
CA,sat,30,15,3,5,50,30,7,0.08,2.32 
CA,sat,28,15,3,5,25,30,7,0.26,5.91 
CA,unsat,None,35,6,8,50,25,7,1.37,26.1 
CA,sat,54,25,4,7,0,30,7,1.01,18.67 
CA,unsat,None,35,6,8,0,30,7,2.03,19.53 
CA,unsat,None,35,6,8,25,30,7,1.91,23.37 
CA,unsat,None,35,6,8,50,30,7,1.41,26.93 
CA,sat,32,15,3,5,0,15,8,0.28,3.55 
CA,unknown,None,25,4,7,50,20,7,0.6,175.92 
CA,unknown,None,15,3,5,50,15,8,0.08,17.04 
CA,sat,46,25,4,7,0,15,8,0.94,10.11 
CA,unknown,None,25,4,7,50,25,7,0.67,183.86 
CA,unknown,None,15,3,5,25,15,8,0.24,52.2 
CA,unsat,None,25,4,7,50,15,8,0.7,13.77 
CA,unsat,None,35,6,8,0,15,8,1.83,18.37 
CA,unsat,None,35,6,8,25,15,8,1.65,23.41 
CA,unknown,None,25,4,7,25,20,7,0.94,269.25 
CA,sat,26,15,3,5,0,20,8,0.28,3.58 
CA,unknown,None,25,4,7,50,30,7,0.62,192.37 
CA,unsat,None,35,6,8,50,15,8,1.27,24.97 
CA,unknown,None,25,4,7,50,30,5,0.68,728.14 
CA,sat,42,25,4,7,0,20,8,1.01,15.81 
CA,sat,48,25,4,7,25,20,8,0.98,16.31 
CA,unknown,None,15,3,5,50,20,8,0.08,21.79 
CA,sat,76,35,6,8,25,20,8,1.79,28.38 
CA,sat,84,35,6,8,50,20,8,1.37,28.09 
CA,sat,80,35,6,8,0,20,8,1.72,31.14 
CA,sat,26,15,3,5,0,25,8,0.29,4.0 
CA,unknown,None,25,4,7,25,25,7,0.93,292.07 
CA,unknown,None,15,3,5,25,20,8,0.25,64.41 
CA,unknown,None,15,3,5,50,25,8,0.08,23.28 
CA,sat,42,25,4,7,0,25,8,1.03,22.26 
CA,sat,48,25,4,7,25,25,8,0.98,16.44 
CA,sat,66,35,6,8,0,25,8,1.8,38.24 
CA,sat,76,35,6,8,50,25,8,1.27,37.76 
CA,unknown,None,15,3,5,25,25,8,0.25,68.64 
CA,sat,26,15,3,5,0,30,8,0.28,3.79 
CA,unknown,None,25,4,7,25,30,7,0.92,323.78 
CA,sat,42,25,4,7,0,30,8,0.95,18.23 
CA,unknown,None,15,3,5,50,30,8,0.09,24.92 
CA,sat,48,25,4,7,25,30,8,0.94,21.45 
CA,unknown,None,25,4,7,25,15,8,0.96,224.06 
CA,unknown,None,15,3,5,25,30,8,0.27,76.94 
CA,sat,32,15,3,5,0,15,9,0.28,4.12 
CA,sat,32,15,3,5,25,15,9,0.25,5.26 
CA,unknown,None,25,4,7,50,20,8,0.67,214.6 
CA,sat,68,35,6,8,50,30,8,1.27,67.16 
CA,sat,34,15,3,5,50,15,9,0.08,26.2 
CA,sat,66,35,6,8,25,25,8,1.76,193.78 
CA,unsat,None,35,6,8,0,15,9,1.91,17.1 
CA,unknown,None,25,4,7,50,25,8,0.67,230.42 
CA,unsat,None,35,6,8,25,15,9,1.88,19.91 
CA,sat,28,15,3,5,0,20,9,0.27,5.18 
CA,unsat,None,35,6,8,50,15,9,1.4,26.49 
CA,sat,30,15,3,5,50,20,9,0.08,2.67 
CA,sat,28,15,3,5,25,20,9,0.28,6.18 
CA,sat,52,25,4,7,0,20,9,0.96,14.73 
CA,sat,48,25,4,7,25,20,9,0.94,18.74 
CA,sat,58,25,4,7,50,20,9,0.65,16.68 
CA,unknown,None,25,4,7,50,15,9,0.7,153.84 
CA,unknown,None,25,4,7,50,30,8,0.69,253.2 
CA,sat,34,15,3,5,0,25,9,0.28,5.66 
CA,sat,28,15,3,5,25,25,9,0.24,6.66 
CA,sat,32,15,3,5,50,25,9,0.08,3.04 
CA,sat,40,25,4,7,0,25,9,0.96,31.19 
CA,unknown,None,25,4,7,0,15,9,0.96,219.42 
CA,unknown,None,25,4,7,25,15,9,0.94,224.9 
CA,sat,56,25,4,7,50,25,9,0.66,27.78 
CA,sat,58,35,6,8,0,30,8,1.74,334.07 
CA,sat,60,25,4,7,25,25,9,0.96,42.2 
CA,sat,26,15,3,5,0,30,9,0.28,6.14 
CA,sat,28,15,3,5,25,30,9,0.26,6.9 
CA,sat,36,15,3,5,50,30,9,0.08,3.39 
CA,sat,66,35,6,8,0,25,9,1.81,50.77 
CA,sat,66,35,6,8,25,25,9,1.76,53.18 
CA,sat,40,25,4,7,0,30,9,0.95,31.62 
CA,sat,68,35,6,8,50,25,9,1.29,54.72 
CA,sat,52,25,4,7,25,30,9,0.93,37.27 
CA,sat,56,25,4,7,50,30,9,0.65,29.83 
CA,sat,66,35,6,8,0,30,9,1.83,86.42 
CA,sat,70,35,6,8,50,30,9,1.31,76.91 
CA,sat,74,35,6,8,25,30,9,1.74,96.26 
CA,sat,80,35,6,8,25,20,9,1.74,301.39 
CA,sat,72,35,6,8,25,30,8,1.76,542.56 
CA,sat,82,35,6,8,0,20,9,1.81,382.31 
CA,sat,84,35,6,8,50,20,9,1.34,434.12 
S,unsat,None,15,3,5,50,15,5,8.28,1.63 
S,unsat,None,15,3,5,25,15,5,8.72,1.39 
S,unsat,None,15,3,5,0,15,5,9.18,1.16 
S,unsat,None,15,3,5,25,20,5,14.57,1.96 
S,unsat,None,15,3,5,0,20,5,15.07,2.18 
S,unsat,None,25,4,7,25,15,5,34.16,8.41 
S,unsat,None,25,4,7,50,15,5,33.08,9.63 
S,unsat,None,25,4,7,0,15,5,36.5,7.37 
S,unsat,None,15,3,5,50,20,5,15.37,2.93 
S,unsat,None,35,6,8,50,15,5,77.08,49.38 
S,sat,59,25,4,7,0,20,5,63.09,51.53 
S,unsat,None,25,4,7,50,20,5,63.18,45.57 
S,unsat,None,35,6,8,25,15,5,81.53,72.65 
S,sat,61,25,4,7,25,20,5,68.66,45.43 
S,sat,81,35,6,8,0,15,5,88.25,80.24 
S,unsat,None,15,3,5,50,25,5,23.77,5.06 
S,sat,103,35,6,8,25,20,5,152.02,430.3 
S,sat,64,25,4,7,25,25,5,140.44,456.27 
S,sat,94,35,6,8,50,20,5,149.52,596.08 
S,sat,67,25,4,7,0,25,5,135.77,686.29 
S,sat,100,35,6,8,0,20,5,179.49,775.64 
S,unsat,None,15,3,5,25,25,5,29.83,845.16 
S,sat,70,25,4,7,50,25,5,132.67,797.93 
S,sat,47,15,3,5,0,30,5,44.65,278.54 
S,sat,109,35,6,8,25,25,5,335.54,543.63 
S,sat,126,35,6,8,50,25,5,305.69,770.25 
S,unsat,None,15,3,5,50,30,5,57.67,901.82 
S,sat,64,25,4,7,50,30,5,365.23,258.95 
S,sat,110,35,6,8,0,25,5,404.3,2610.09 
S,sat,36,15,3,5,0,15,6,15.71,9.09 
S,sat,38,15,3,5,25,15,6,32.57,10.86 
S,unsat,None,15,3,5,50,15,6,15.42,3.53 
S,sat,143,35,6,8,25,30,5,506.71,1249.23 
S,sat,46,25,4,7,0,15,6,62.97,25.68 
S,unsat,None,25,4,7,25,15,6,64.29,21.92 
S,unsat,None,25,4,7,50,15,6,76.53,20.3 
S,sat,69,25,4,7,25,30,5,320.03,2328.58 
S,unsat,None,35,6,8,0,15,6,138.04,53.03 
S,sat,43,15,3,5,0,20,6,40.31,12.5 
S,sat,38,15,3,5,25,20,6,45.59,15.11 
S,unsat,None,35,6,8,50,15,6,140.95,71.91 
S,sat,44,15,3,5,50,20,6,45.4,13.55 
S,unsat,None,35,6,8,25,15,6,128.27,254.75 
S,sat,128,35,6,8,50,30,5,516.99,1656.14 
S,sat,53,25,4,7,0,20,6,128.49,181.3 
S,unsat,None,25,4,7,50,20,6,135.82,42.49 
S,sat,39,15,3,5,0,25,5,27.18,4422.81 
S,sat,56,25,4,7,25,20,6,106.06,347.67 
S,sat,53,15,3,5,0,25,6,48.73,17.08 
S,sat,42,15,3,5,25,25,6,69.64,21.41 
S,sat,48,15,3,5,50,25,6,69.21,31.91 
S,sat,101,35,6,8,50,20,6,163.41,428.05 
S,sat,95,35,6,8,25,20,6,196.59,400.48 
S,sat,97,35,6,8,0,20,6,209.42,725.24 
S,sat,61,25,4,7,0,25,6,207.8,1199.17 
S,sat,67,25,4,7,0,30,5,363.63,4721.25 
S,sat,115,35,6,8,0,30,5,589.32,3707.45 
S,sat,55,15,3,5,0,30,6,101.93,35.71 
S,sat,46,15,3,5,25,30,6,97.03,37.55 
S,unsat,None,25,4,7,50,25,6,178.01,1197.42 
S,sat,56,15,3,5,50,30,6,110.93,35.55 
S,sat,110,35,6,8,25,25,6,458.6,919.47 
S,sat,119,35,6,8,50,25,6,318.79,631.21 
S,sat,57,25,4,7,25,25,6,163.0,2774.51 
S,sat,115,35,6,8,0,25,6,422.38,2351.87 
S,sat,31,15,3,5,0,15,7,28.94,18.05 
S,sat,31,15,3,5,25,15,7,22.48,7.04 
S,sat,33,15,3,5,50,15,7,21.28,10.98 
S,unsat,None,25,4,7,0,15,7,67.37,22.06 
S,unsat,None,25,4,7,25,15,7,66.45,5.97 
S,unsat,None,25,4,7,50,15,7,57.47,6.21 
S,sat,64,25,4,7,0,30,6,231.66,1834.61 
S,unsat,None,35,6,8,0,15,7,220.77,57.19 
S,unsat,None,35,6,8,50,15,7,114.99,37.62 
S,unsat,None,35,6,8,25,15,7,120.3,45.22 
S,sat,29,15,3,5,0,20,7,66.15,28.93 
S,sat,38,15,3,5,25,20,7,58.23,42.51 
S,sat,36,15,3,5,50,20,7,49.63,76.78 
S,sat,142,35,6,8,25,30,6,583.63,1269.23 
S,unsat,None,25,4,7,50,20,7,126.21,178.82 
S,sat,136,35,6,8,50,30,6,559.22,1013.93 
S,unsat,None,25,4,7,25,20,7,116.83,333.66 
S,sat,57,25,4,7,0,20,7,134.36,428.83 
S,sat,47,15,3,5,0,25,7,77.34,29.8 
S,unsat,None,35,6,8,50,20,7,151.21,31.24 
S,unsat,None,35,6,8,25,20,7,174.89,32.75 
S,unsat,None,35,6,8,0,20,7,192.5,48.93 
S,sat,36,15,3,5,25,25,7,87.26,151.38 
S,sat,39,15,3,5,50,25,7,97.32,128.14 
S,sat,122,35,6,8,0,30,6,543.55,2627.99 
S,unsat,None,35,6,8,0,25,7,391.09,138.78 
S,unsat,None,35,6,8,25,25,7,339.36,77.62 
S,unsat,None,35,6,8,50,25,7,355.24,125.29 
S,sat,53,15,3,5,0,30,7,172.1,361.24 
S,sat,51,15,3,5,25,30,7,203.21,472.68 
S,sat,67,25,4,7,25,30,6,268.6,4904.08 
S,sat,48,15,3,5,50,30,7,202.85,647.97 
S,unknown,None,15,3,5,25,30,5,42.48,10801.24 
S,sat,60,25,4,7,0,25,7,186.03,3321.76 
S,unsat,None,35,6,8,25,30,7,629.71,913.9 
S,unsat,None,35,6,8,50,30,7,485.05,210.42 
S,sat,36,15,3,5,0,15,8,26.37,9.17 
S,unsat,None,15,3,5,25,15,8,21.33,7.8 
S,unsat,None,15,3,5,50,15,8,42.78,7.14 
S,sat,56,25,4,7,0,15,8,126.67,58.49 
S,unsat,None,25,4,7,25,15,8,83.79,40.79 
S,unsat,None,25,4,7,50,15,8,98.09,51.41 
S,unsat,None,35,6,8,0,15,8,173.61,38.66 
S,unsat,None,35,6,8,25,15,8,176.61,31.72 
S,unsat,None,35,6,8,50,15,8,156.66,35.48 
S,sat,41,15,3,5,0,20,8,47.86,31.79 
S,unsat,None,15,3,5,25,20,8,30.82,65.95 
S,unsat,None,15,3,5,50,20,8,42.18,40.46 
S,sat,60,25,4,7,0,20,8,155.92,151.77 
S,sat,64,25,4,7,25,20,8,141.4,156.16 
S,unknown,None,25,4,7,50,30,6,252.64,10803.53 
S,unsat,None,25,4,7,50,20,8,78.83,187.75 
S,sat,99,35,6,8,25,20,8,202.9,557.36 
S,sat,95,35,6,8,0,20,8,247.29,803.24 
S,sat,44,15,3,5,0,25,8,55.62,54.71 
S,sat,97,35,6,8,50,20,8,258.54,427.07 
S,unknown,None,25,4,7,25,25,7,163.17,10804.65 
S,unknown,None,25,4,7,50,25,7,183.73,10802.87 
S,sat,70,25,4,7,0,25,8,195.33,367.47 
S,sat,70,25,4,7,25,25,8,178.7,590.54 
S,unknown,None,25,4,7,0,30,7,324.38,10805.05 
S,unknown,None,25,4,7,25,30,7,259.78,10803.88 
S,unknown,None,25,4,7,50,30,7,263.25,10803.82 
S,sat,41,15,3,5,0,30,8,59.74,118.58 
S,unknown,None,35,6,8,0,30,7,603.02,10811.87 
S,sat,115,35,6,8,0,25,8,426.93,2138.79 
S,sat,117,35,6,8,25,25,8,359.53,1120.4 
S,sat,125,35,6,8,50,25,8,391.82,1032.79 
S,sat,75,25,4,7,0,30,8,271.73,2176.99 
S,sat,78,25,4,7,25,30,8,217.76,4836.24 
S,unknown,None,15,3,5,25,25,8,80.6,10803.08 
S,unknown,None,15,3,5,50,25,8,51.65,10801.14 
S,sat,37,15,3,5,0,15,9,34.04,7.9 
S,sat,33,15,3,5,25,15,9,29.58,7.98 
S,unsat,None,15,3,5,50,15,9,24.12,4.64 
S,unsat,None,25,4,7,0,15,9,81.68,51.31 
S,unsat,None,25,4,7,25,15,9,89.61,42.56 
S,sat,127,35,6,8,0,30,8,610.46,3264.49 
S,unsat,None,25,4,7,50,15,9,86.64,34.35 
S,unsat,None,35,6,8,0,15,9,216.12,239.17 
S,unsat,None,35,6,8,25,15,9,155.24,268.55 
S,sat,39,15,3,5,0,20,9,40.52,9.92 
S,sat,47,15,3,5,25,20,9,55.18,14.43 
S,sat,48,15,3,5,50,20,9,64.34,27.94 
S,sat,119,35,6,8,25,30,8,672.51,1403.01 
S,unsat,None,35,6,8,50,15,9,169.3,219.76 
S,sat,58,25,4,7,0,20,9,146.94,99.18 
S,sat,67,25,4,7,50,20,9,95.07,110.78 
S,sat,57,25,4,7,25,20,9,116.3,103.35 
S,sat,141,35,6,8,50,30,8,451.32,1590.96 
S,sat,41,15,3,5,0,25,9,114.84,41.36 
S,sat,47,15,3,5,25,25,9,86.07,27.83 
S,sat,48,15,3,5,50,25,9,85.57,37.5 
S,unknown,None,25,4,7,50,25,8,269.78,10808.58 
S,sat,73,25,4,7,25,25,9,204.51,158.97 
S,sat,81,25,4,7,0,25,9,254.56,228.51 
S,sat,107,35,6,8,50,20,9,287.09,1127.96 
S,sat,105,35,6,8,25,20,9,293.48,1157.24 
S,sat,107,35,6,8,0,20,9,274.46,1282.51 
S,sat,78,25,4,7,50,25,9,192.5,161.48 
S,sat,45,15,3,5,0,30,9,93.39,17.59 
S,sat,50,15,3,5,25,30,9,96.91,23.99 
S,sat,56,15,3,5,50,30,9,91.03,38.72 
S,sat,77,25,4,7,0,30,9,235.51,516.72 
S,unknown,None,15,3,5,25,30,8,51.14,10803.38 
S,sat,78,25,4,7,25,30,9,312.39,519.59 
S,unknown,None,15,3,5,50,30,8,48.02,10801.13 
S,sat,117,35,6,8,50,25,9,365.37,1125.85 
S,sat,129,35,6,8,25,25,9,389.09,1168.27 
S,sat,83,25,4,7,50,30,9,337.12,377.22 
S,sat,115,35,6,8,0,25,9,483.1,1974.44 
S,unknown,None,25,4,7,50,30,8,247.32,10803.23 
S,sat,143,35,6,8,25,30,9,592.47,749.2 
S,sat,135,35,6,8,50,30,9,449.42,785.51 
S,sat,118,35,6,8,0,30,9,585.71,1157.45 
